? VERSION = 1
? UNITLENGTH = 0.03 # meters

#------------
# AW
AW 2.47318 110.0 20.0
AW 0 20.0 0.0
AW 2.47318 110.0 0.0
AW 0 20.0 0.0
AW 2.47318 110.0 0.0
AW 0 20.0 0.0
AW 2.47318 110.0 0.0
AW 0 20.0 0.0
AW 2.47318 110.0 0.0
AW 0 20.0 0.0
AW 2.47318 110.0 0.0
AW 0 20.0 0.0
AW 2.47318 110.0 0.0
AW 0 20.0 0.0
AW 2.47318 110.0 0.0
AW 0 20.0 0.0
AW 2.47318 110.0 0.0
AW 0 20.0 0.0
AW 2.47318 110.0 0.0
AW 0 20.0 0.0
AW 2.47318 110.0 0.0
AW 0 20.0 0.0
AW 2.47318 110.0 0.0

#------------
# AD
AD 0.29 20.0 110.0
AD 0 110.0 0.0
AD 0.29 20.0 0.0
AD 0 110.0 0.0
AD 0.29 20.0 0.0
AD 0 110.0 0.0
AD 0.29 20.0 0.0
AD 0 110.0 0.0
AD 0.29 20.0 0.0
AD 0 110.0 0.0
AD 0.29 20.0 0.0
AD 0 110.0 0.0
AD 0.29 20.0 0.0
AD 0 110.0 0.0
AD 0.29 20.0 0.0
AD 0 110.0 0.0
AD 0.29 20.0 0.0
AD 0 110.0 0.0
AD 0.29 20.0 0.0
AD 0 110.0 0.0
AD 0.29 20.0 0.0
AD 0 110.0 0.0
AD 0.29 20.0 0.0

#------------
# QF
QF 12.84 5.0 0.0
QF 0 120.0 0.0
QF -12.64 10.0 0.0
QF 0 120.0 0.0
QF 12.84 10.0 0.0
QF 0 120.0 0.0
QF -12.64 10.0 0.0
QF 0 120.0 0.0
QF 12.84 10.0 0.0
QF 0 120.0 0.0
QF -12.64 10.0 0.0
QF 0 120.0 0.0
QF 12.84 10.0 0.0
QF 0 120.0 0.0
QF -12.64 10.0 0.0
QF 0 120.0 0.0
QF 12.84 10.0 0.0
QF 0 120.0 0.0
QF -12.64 10.0 0.0
QF 0 120.0 0.0
QF 12.84 10.0 0.0
QF 0 120.0 0.0
QF -12.64 10.0 0.0
QF 0 125.0 0.0
